Satisfaccion de demanda:
84.48350917461562 <= 85.01285714285714 <= 85.54220511109867
Costos:
nan <= 0.0 <= nan
[1, 29, 2, 17, 36, 37, 14, 22, 17, 14, 2, 13, 28, 1, 1, 39, 3, 2, 30, 20, 29, 1, 31, 1, 49, 1, 2, 25, 18, 14, 2, 42, 8, 3, 8, 2, 41, 17, 3, 28, 40, 25, 1, 1, 13, 1, 2, 14, 12, 17, 11, 1, 1, 25, 45, 24, 21, 13, 59, 18, 12, 39, 21, 41, 15, 1, 10, 12, 4, 13, 18, 15, 16, 52, 12, 3, 36, 64, 11, 22, 1, 1, 2, 16, 21, 10, 39, 22, 1, 24, 41, 61]
Satisfaccion de demanda:
84.17450744187417 <= 85.01428571428572 <= 85.85406398669727
Costos:
nan <= 0.0 <= nan
[1, 29, 2, 17, 36, 37, 14, 22, 17, 14, 2, 13, 28, 1, 1, 39, 3, 2, 30, 20, 29, 1, 31, 1, 49, 1, 2, 25, 18, 14, 2, 42, 8, 3, 8, 3, 41, 17, 3, 28, 40, 25, 1, 1, 13, 1, 2, 14, 12, 17, 11, 1, 1, 25, 45, 24, 21, 13, 59, 18, 12, 39, 21, 41, 15, 1, 10, 12, 4, 13, 18, 15, 16, 52, 12, 3, 36, 64, 11, 22, 1, 1, 2, 16, 21, 10, 39, 22, 1, 24, 41, 60]
Satisfaccion de demanda:
84.12333855289477 <= 84.86857142857143 <= 85.61380430424809
Costos:
nan <= 0.0 <= nan
[1, 29, 2, 17, 36, 37, 14, 22, 17, 14, 2, 13, 28, 1, 1, 39, 4, 2, 30, 20, 29, 1, 31, 1, 49, 1, 2, 25, 18, 14, 2, 42, 8, 3, 8, 3, 41, 17, 3, 28, 40, 25, 1, 1, 13, 1, 2, 14, 12, 17, 11, 1, 1, 25, 45, 24, 21, 13, 59, 18, 12, 39, 21, 41, 15, 1, 10, 12, 4, 13, 18, 15, 16, 52, 12, 3, 36, 64, 11, 22, 1, 1, 2, 16, 21, 10, 39, 22, 1, 24, 41, 59]
Satisfaccion de demanda:
84.87475685057848 <= 85.49142857142859 <= 86.10810029227869
Costos:
nan <= 0.0 <= nan
[1, 29, 2, 17, 36, 37, 14, 22, 17, 14, 2, 13, 28, 1, 1, 39, 5, 2, 30, 20, 29, 1, 31, 1, 49, 1, 2, 25, 18, 14, 2, 42, 8, 3, 8, 3, 41, 17, 3, 28, 40, 25, 1, 1, 13, 1, 2, 14, 12, 17, 11, 1, 1, 25, 45, 24, 21, 13, 59, 18, 12, 39, 21, 41, 15, 1, 10, 12, 4, 13, 18, 15, 16, 52, 12, 3, 36, 64, 11, 22, 1, 1, 2, 16, 21, 10, 39, 22, 1, 24, 41, 58]
Satisfaccion de demanda:
84.57667290121528 <= 84.97714285714285 <= 85.37761281307043
Costos:
nan <= 0.0 <= nan
[1, 29, 2, 17, 36, 37, 14, 22, 17, 14, 2, 13, 28, 1, 1, 39, 5, 2, 30, 20, 29, 1, 31, 1, 49, 1, 2, 25, 18, 14, 2, 42, 8, 3, 8, 3, 41, 17, 3, 28, 40, 25, 1, 1, 13, 1, 2, 14, 12, 17, 11, 1, 1, 25, 45, 24, 21, 13, 59, 18, 12, 39, 21, 41, 15, 1, 10, 12, 4, 13, 18, 15, 16, 52, 12, 4, 36, 64, 11, 22, 1, 1, 2, 16, 21, 10, 39, 22, 1, 24, 41, 57]
Satisfaccion de demanda:
85.0730124533041 <= 85.57285714285715 <= 86.07270183241019
Costos:
nan <= 0.0 <= nan
[1, 29, 2, 17, 36, 37, 14, 22, 17, 14, 2, 13, 28, 1, 1, 39, 5, 2, 30, 20, 29, 1, 31, 1, 49, 1, 2, 25, 18, 14, 2, 42, 8, 3, 8, 3, 41, 17, 3, 28, 40, 25, 1, 1, 13, 1, 2, 14, 12, 17, 11, 1, 1, 25, 45, 24, 21, 13, 59, 18, 12, 39, 21, 41, 15, 1, 10, 12, 4, 13, 18, 15, 16, 52, 12, 4, 36, 64, 11, 22, 1, 1, 3, 16, 21, 10, 39, 22, 1, 24, 41, 56]
Satisfaccion de demanda:
84.20897865956006 <= 84.9242857142857 <= 85.63959276901134
Costos:
nan <= 0.0 <= nan
[1, 29, 2, 17, 36, 37, 14, 22, 17, 14, 2, 13, 28, 1, 1, 39, 5, 2, 30, 20, 29, 1, 31, 1, 49, 1, 2, 25, 18, 14, 2, 42, 8, 3, 8, 4, 41, 17, 3, 28, 40, 25, 1, 1, 13, 1, 2, 14, 12, 17, 11, 1, 1, 25, 45, 24, 21, 13, 59, 18, 12, 39, 21, 41, 15, 1, 10, 12, 4, 13, 18, 15, 16, 52, 12, 4, 36, 64, 11, 22, 1, 1, 3, 16, 21, 10, 39, 22, 1, 24, 41, 55]
Satisfaccion de demanda:
84.56272030199972 <= 85.35857142857142 <= 86.15442255514313
Costos:
nan <= 0.0 <= nan
[1, 29, 2, 17, 36, 37, 14, 22, 17, 14, 2, 13, 28, 1, 1, 39, 5, 2, 30, 20, 29, 1, 31, 1, 49, 1, 2, 25, 18, 14, 2, 42, 8, 3, 8, 4, 41, 17, 3, 28, 40, 25, 1, 1, 13, 2, 2, 14, 12, 17, 11, 1, 1, 25, 45, 24, 21, 13, 59, 18, 12, 39, 21, 41, 15, 1, 10, 12, 4, 13, 18, 15, 16, 52, 12, 4, 36, 64, 11, 22, 1, 1, 3, 16, 21, 10, 39, 22, 1, 24, 41, 54]
Satisfaccion de demanda:
84.78033610267774 <= 85.22714285714288 <= 85.67394961160802
Costos:
nan <= 0.0 <= nan
[1, 29, 2, 17, 36, 37, 14, 22, 17, 14, 2, 13, 28, 1, 1, 39, 5, 2, 30, 20, 29, 1, 31, 1, 49, 1, 2, 25, 18, 14, 2, 42, 8, 3, 8, 4, 41, 17, 3, 28, 40, 25, 2, 1, 13, 2, 2, 14, 12, 17, 11, 1, 1, 25, 45, 24, 21, 13, 59, 18, 12, 39, 21, 41, 15, 1, 10, 12, 4, 13, 18, 15, 16, 52, 12, 4, 36, 64, 11, 22, 1, 1, 3, 16, 21, 10, 39, 22, 1, 24, 41, 53]
Satisfaccion de demanda:
84.70990370036975 <= 85.24142857142856 <= 85.77295344248736
Costos:
nan <= 0.0 <= nan
[1, 29, 2, 17, 36, 37, 14, 22, 17, 14, 2, 13, 28, 1, 1, 39, 5, 2, 30, 20, 29, 1, 31, 1, 49, 1, 2, 25, 18, 14, 2, 42, 8, 3, 8, 4, 41, 17, 3, 28, 40, 25, 2, 1, 13, 2, 2, 14, 12, 17, 11, 1, 1, 25, 45, 24, 21, 13, 59, 18, 12, 39, 21, 41, 15, 1, 10, 12, 4, 13, 18, 15, 16, 52, 12, 4, 36, 64, 11, 22, 1, 1, 4, 16, 21, 10, 39, 22, 1, 24, 41, 52]
Satisfaccion de demanda:
84.35420709128312 <= 85.01571428571428 <= 85.67722148014545
Costos:
nan <= 0.0 <= nan
[1, 29, 2, 17, 36, 37, 14, 22, 17, 14, 2, 13, 28, 1, 1, 39, 5, 2, 30, 20, 29, 1, 31, 1, 49, 1, 2, 25, 18, 14, 2, 42, 8, 3, 8, 4, 41, 17, 3, 28, 40, 25, 2, 1, 13, 2, 2, 14, 12, 17, 11, 1, 1, 25, 45, 24, 21, 13, 59, 18, 12, 39, 21, 41, 15, 1, 10, 12, 4, 13, 18, 15, 16, 52, 12, 4, 36, 64, 11, 22, 2, 1, 4, 16, 21, 10, 39, 22, 1, 24, 41, 51]
Satisfaccion de demanda:
85.07550494195682 <= 85.55428571428571 <= 86.0330664866146
Costos:
nan <= 0.0 <= nan
[1, 29, 3, 17, 36, 37, 14, 22, 17, 14, 2, 13, 28, 1, 1, 39, 5, 2, 30, 20, 29, 1, 31, 1, 49, 1, 2, 25, 18, 14, 2, 42, 8, 3, 8, 4, 41, 17, 3, 28, 40, 25, 2, 1, 13, 2, 2, 14, 12, 17, 11, 1, 1, 25, 45, 24, 21, 13, 59, 18, 12, 39, 21, 41, 15, 1, 10, 12, 4, 13, 18, 15, 16, 52, 12, 4, 36, 64, 11, 22, 2, 1, 4, 16, 21, 10, 39, 22, 1, 24, 41, 50]
Satisfaccion de demanda:
84.79830173595266 <= 85.31999999999998 <= 85.8416982640473
Costos:
nan <= 0.0 <= nan
[1, 29, 3, 17, 36, 37, 14, 22, 17, 14, 2, 13, 28, 1, 1, 39, 5, 2, 30, 20, 29, 1, 31, 1, 49, 1, 2, 25, 18, 14, 2, 42, 8, 3, 8, 4, 41, 17, 3, 28, 40, 25, 2, 1, 13, 2, 3, 14, 12, 17, 11, 1, 1, 25, 45, 24, 21, 13, 59, 18, 12, 39, 21, 41, 15, 1, 10, 12, 4, 13, 18, 15, 16, 52, 12, 4, 36, 64, 11, 22, 2, 1, 4, 16, 21, 10, 39, 22, 1, 24, 41, 49]
Satisfaccion de demanda:
84.52855058597454 <= 85.26285714285713 <= 85.99716369973972
Costos:
nan <= 0.0 <= nan
[1, 29, 3, 17, 36, 37, 14, 22, 17, 14, 2, 13, 28, 1, 1, 39, 6, 2, 30, 20, 29, 1, 31, 1, 49, 1, 2, 25, 18, 14, 2, 42, 8, 3, 8, 4, 41, 17, 3, 28, 40, 25, 2, 1, 13, 2, 3, 14, 12, 17, 11, 1, 1, 25, 45, 24, 21, 13, 59, 18, 12, 39, 21, 41, 15, 1, 10, 12, 4, 13, 18, 15, 16, 52, 12, 4, 36, 64, 11, 22, 2, 1, 4, 16, 21, 10, 39, 22, 1, 24, 41, 48]
Satisfaccion de demanda:
84.10313779443348 <= 84.80857142857143 <= 85.51400506270937
Costos:
nan <= 0.0 <= nan
[1, 29, 3, 17, 36, 37, 14, 22, 17, 14, 2, 13, 28, 1, 1, 39, 6, 2, 30, 20, 29, 1, 31, 1, 49, 1, 2, 25, 18, 14, 2, 42, 8, 3, 8, 4, 41, 17, 3, 28, 40, 25, 2, 1, 13, 2, 3, 14, 12, 17, 11, 1, 1, 25, 45, 24, 21, 13, 59, 18, 12, 39, 21, 41, 15, 1, 10, 12, 5, 13, 18, 15, 16, 52, 12, 4, 36, 64, 11, 22, 2, 1, 4, 16, 21, 10, 39, 22, 1, 24, 41, 47]
Satisfaccion de demanda:
85.33088006889427 <= 85.80571428571429 <= 86.2805485025343
Costos:
nan <= 0.0 <= nan
[1, 29, 3, 17, 36, 37, 14, 22, 17, 14, 2, 13, 28, 1, 1, 39, 6, 2, 30, 20, 29, 1, 31, 2, 49, 1, 2, 25, 18, 14, 2, 42, 8, 3, 8, 4, 41, 17, 3, 28, 40, 25, 2, 1, 13, 2, 3, 14, 12, 17, 11, 1, 1, 25, 45, 24, 21, 13, 59, 18, 12, 39, 21, 41, 15, 1, 10, 12, 5, 13, 18, 15, 16, 52, 12, 4, 36, 64, 11, 22, 2, 1, 4, 16, 21, 10, 39, 22, 1, 24, 41, 46]
Satisfaccion de demanda:
84.95241066800703 <= 85.65857142857145 <= 86.36473218913586
Costos:
nan <= 0.0 <= nan
[1, 29, 3, 17, 36, 37, 14, 22, 17, 14, 2, 13, 28, 1, 1, 39, 6, 2, 30, 20, 29, 1, 31, 2, 49, 1, 2, 25, 18, 14, 2, 42, 8, 3, 8, 4, 41, 17, 3, 28, 40, 25, 2, 1, 13, 2, 3, 14, 12, 17, 11, 1, 1, 25, 45, 24, 21, 13, 59, 18, 12, 39, 21, 41, 15, 1, 10, 12, 5, 13, 18, 15, 16, 52, 12, 4, 36, 64, 11, 22, 2, 2, 4, 16, 21, 10, 39, 22, 1, 24, 41, 45]
Satisfaccion de demanda:
85.09665796327336 <= 85.73714285714286 <= 86.37762775101235
Costos:
nan <= 0.0 <= nan
[1, 29, 3, 17, 36, 37, 14, 22, 17, 14, 2, 13, 28, 2, 1, 39, 6, 2, 30, 20, 29, 1, 31, 2, 49, 1, 2, 25, 18, 14, 2, 42, 8, 3, 8, 4, 41, 17, 3, 28, 40, 25, 2, 1, 13, 2, 3, 14, 12, 17, 11, 1, 1, 25, 45, 24, 21, 13, 59, 18, 12, 39, 21, 41, 15, 1, 10, 12, 5, 13, 18, 15, 16, 52, 12, 4, 36, 64, 11, 22, 2, 2, 4, 16, 21, 10, 39, 22, 1, 24, 41, 44]
Satisfaccion de demanda:
84.89522612693075 <= 85.46571428571428 <= 86.03620244449782
Costos:
nan <= 0.0 <= nan
[1, 29, 3, 17, 36, 37, 14, 22, 17, 14, 2, 13, 28, 2, 1, 39, 6, 2, 30, 20, 29, 1, 31, 2, 49, 1, 2, 25, 18, 14, 2, 42, 8, 3, 8, 4, 41, 17, 3, 28, 40, 25, 2, 1, 13, 2, 3, 14, 12, 17, 11, 1, 1, 25, 45, 24, 21, 13, 59, 18, 12, 39, 21, 41, 15, 1, 10, 12, 6, 13, 18, 15, 16, 52, 12, 4, 36, 64, 11, 22, 2, 2, 4, 16, 21, 10, 39, 22, 1, 24, 41, 43]
Satisfaccion de demanda:
84.48248784431517 <= 85.0942857142857 <= 85.70608358425623
Costos:
nan <= 0.0 <= nan
[1, 29, 3, 17, 36, 37, 14, 22, 17, 14, 2, 13, 28, 2, 1, 39, 6, 2, 30, 20, 29, 1, 31, 2, 49, 1, 2, 25, 18, 14, 2, 42, 8, 3, 8, 5, 41, 17, 3, 28, 40, 25, 2, 1, 13, 2, 3, 14, 12, 17, 11, 1, 1, 25, 45, 24, 21, 13, 59, 18, 12, 39, 21, 41, 15, 1, 10, 12, 6, 13, 18, 15, 16, 52, 12, 4, 36, 64, 11, 22, 2, 2, 4, 16, 21, 10, 38, 22, 1, 24, 41, 43]
Satisfaccion de demanda:
84.5415983825109 <= 85.14714285714285 <= 85.75268733177481
Costos:
nan <= 0.0 <= nan
[1, 29, 3, 17, 36, 37, 14, 22, 17, 14, 2, 13, 28, 2, 2, 39, 6, 2, 30, 20, 29, 1, 31, 2, 49, 1, 2, 25, 18, 14, 2, 42, 8, 3, 8, 5, 41, 17, 3, 28, 40, 25, 2, 1, 13, 2, 3, 14, 12, 17, 11, 1, 1, 25, 45, 24, 21, 13, 59, 18, 12, 39, 21, 41, 15, 1, 10, 12, 6, 13, 18, 15, 16, 52, 12, 4, 36, 64, 11, 22, 2, 2, 4, 16, 21, 10, 38, 22, 1, 24, 41, 42]
Satisfaccion de demanda:
84.8113702188695 <= 85.50857142857141 <= 86.20577263827333
Costos:
nan <= 0.0 <= nan
[1, 29, 3, 17, 36, 37, 14, 22, 17, 14, 2, 13, 28, 2, 2, 39, 6, 2, 30, 20, 29, 1, 31, 2, 49, 1, 2, 25, 18, 14, 2, 42, 8, 3, 8, 5, 41, 17, 3, 28, 40, 25, 2, 1, 13, 2, 4, 14, 12, 17, 11, 1, 1, 25, 45, 24, 21, 13, 59, 18, 12, 39, 21, 41, 15, 1, 10, 12, 6, 13, 18, 15, 16, 52, 12, 4, 36, 64, 11, 22, 2, 2, 4, 16, 21, 10, 38, 22, 1, 24, 41, 41]
Satisfaccion de demanda:
85.26775275757059 <= 85.90857142857143 <= 86.54939009957228
Costos:
nan <= 0.0 <= nan
[1, 29, 3, 17, 36, 37, 14, 22, 17, 14, 2, 13, 28, 2, 2, 39, 6, 2, 30, 20, 29, 1, 31, 2, 49, 2, 2, 25, 18, 14, 2, 42, 8, 3, 8, 5, 41, 17, 3, 28, 40, 25, 2, 1, 13, 2, 4, 14, 12, 17, 11, 1, 1, 25, 45, 24, 21, 13, 59, 18, 12, 39, 21, 41, 15, 1, 10, 12, 6, 13, 18, 15, 16, 52, 12, 4, 36, 64, 11, 22, 2, 2, 4, 16, 21, 10, 38, 22, 1, 24, 41, 40]
Satisfaccion de demanda:
84.85775260807564 <= 85.49428571428572 <= 86.1308188204958
Costos:
nan <= 0.0 <= nan
[1, 29, 3, 17, 36, 37, 14, 22, 17, 14, 2, 13, 28, 2, 2, 39, 6, 2, 30, 20, 29, 1, 31, 2, 49, 2, 3, 25, 18, 14, 2, 42, 8, 3, 8, 5, 41, 17, 3, 28, 40, 25, 2, 1, 13, 2, 4, 14, 12, 17, 11, 1, 1, 25, 45, 24, 21, 13, 59, 18, 12, 39, 21, 41, 15, 1, 10, 12, 6, 13, 18, 15, 16, 52, 12, 4, 36, 64, 11, 22, 2, 2, 4, 16, 21, 10, 38, 22, 1, 24, 40, 40]
Satisfaccion de demanda:
84.79311078941399 <= 85.20857142857143 <= 85.62403206772888
Costos:
nan <= 0.0 <= nan
[1, 29, 3, 17, 36, 37, 14, 22, 17, 14, 2, 13, 28, 2, 2, 39, 6, 2, 30, 20, 29, 1, 31, 2, 49, 2, 3, 25, 18, 14, 2, 42, 8, 3, 8, 6, 41, 17, 3, 28, 40, 25, 2, 1, 13, 2, 4, 14, 12, 17, 11, 1, 1, 25, 45, 24, 21, 13, 59, 18, 12, 39, 21, 41, 15, 1, 10, 12, 6, 13, 18, 15, 16, 52, 12, 4, 36, 64, 11, 22, 2, 2, 4, 16, 21, 10, 38, 22, 1, 24, 39, 40]
Satisfaccion de demanda:
85.17818943822395 <= 85.92571428571429 <= 86.67323913320463
Costos:
nan <= 0.0 <= nan
[1, 29, 3, 17, 36, 37, 14, 22, 17, 14, 2, 13, 28, 2, 2, 39, 6, 2, 30, 20, 29, 1, 31, 2, 49, 2, 3, 25, 18, 14, 2, 42, 8, 3, 8, 6, 41, 17, 3, 28, 40, 25, 2, 1, 13, 2, 4, 14, 12, 17, 11, 1, 1, 25, 45, 24, 21, 13, 59, 18, 12, 39, 21, 41, 15, 1, 10, 12, 6, 13, 18, 15, 16, 52, 12, 4, 36, 64, 11, 22, 2, 2, 4, 16, 21, 10, 38, 22, 2, 24, 38, 40]
Satisfaccion de demanda:
84.39783884754902 <= 85.03571428571429 <= 85.67358972387956
Costos:
nan <= 0.0 <= nan
[1, 29, 3, 17, 36, 37, 14, 22, 17, 14, 2, 13, 28, 2, 2, 39, 6, 2, 30, 20, 29, 1, 31, 2, 49, 3, 3, 25, 18, 14, 2, 42, 8, 3, 8, 6, 41, 17, 3, 28, 40, 25, 2, 1, 13, 2, 4, 14, 12, 17, 11, 1, 1, 25, 45, 24, 21, 13, 59, 18, 12, 39, 21, 41, 15, 1, 10, 12, 6, 13, 18, 15, 16, 52, 12, 4, 36, 64, 11, 22, 2, 2, 4, 16, 21, 10, 38, 22, 2, 24, 38, 39]
Satisfaccion de demanda:
84.63492752188621 <= 85.20142857142856 <= 85.76792962097092
Costos:
nan <= 0.0 <= nan
[1, 29, 3, 17, 36, 37, 14, 22, 17, 14, 2, 13, 28, 2, 2, 39, 6, 3, 30, 20, 29, 1, 31, 2, 49, 3, 3, 25, 18, 14, 2, 42, 8, 3, 8, 6, 41, 17, 3, 28, 40, 25, 2, 1, 13, 2, 4, 14, 12, 17, 11, 1, 1, 25, 45, 24, 21, 13, 59, 18, 12, 39, 21, 41, 15, 1, 10, 12, 6, 13, 18, 15, 16, 52, 12, 4, 36, 64, 11, 22, 2, 2, 4, 16, 21, 10, 37, 22, 2, 24, 38, 39]
Satisfaccion de demanda:
85.4829868283357 <= 85.98 <= 86.47701317166431
Costos:
nan <= 0.0 <= nan
[1, 29, 3, 17, 36, 37, 14, 22, 17, 14, 2, 13, 28, 2, 2, 39, 6, 3, 30, 20, 29, 1, 31, 2, 49, 3, 3, 25, 18, 14, 2, 42, 8, 3, 8, 6, 41, 17, 3, 28, 40, 25, 2, 1, 13, 2, 4, 14, 12, 17, 11, 2, 1, 25, 45, 24, 21, 13, 59, 18, 12, 39, 21, 41, 15, 1, 10, 12, 6, 13, 18, 15, 16, 52, 12, 4, 36, 64, 11, 22, 2, 2, 4, 16, 21, 10, 37, 22, 2, 24, 37, 39]
Satisfaccion de demanda:
84.85806880654165 <= 85.35714285714286 <= 85.85621690774407
Costos:
nan <= 0.0 <= nan
[1, 29, 4, 17, 36, 37, 14, 22, 17, 14, 2, 13, 28, 2, 2, 39, 6, 3, 30, 20, 29, 1, 31, 2, 49, 3, 3, 25, 18, 14, 2, 42, 8, 3, 8, 6, 41, 17, 3, 28, 40, 25, 2, 1, 13, 2, 4, 14, 12, 17, 11, 2, 1, 25, 45, 24, 21, 13, 59, 18, 12, 39, 21, 41, 15, 1, 10, 12, 6, 13, 18, 15, 16, 52, 12, 4, 36, 64, 11, 22, 2, 2, 4, 16, 21, 10, 36, 22, 2, 24, 37, 39]
Satisfaccion de demanda:
84.74012768860689 <= 85.36142857142859 <= 85.98272945425029
Costos:
nan <= 0.0 <= nan
[1, 29, 4, 17, 36, 37, 14, 22, 17, 14, 2, 13, 28, 2, 2, 39, 6, 3, 30, 20, 29, 1, 31, 2, 49, 3, 3, 25, 18, 14, 2, 42, 8, 3, 8, 6, 41, 17, 3, 28, 40, 25, 3, 1, 13, 2, 4, 14, 12, 17, 11, 2, 1, 25, 45, 24, 21, 13, 59, 18, 12, 39, 21, 41, 15, 1, 10, 12, 6, 13, 18, 15, 16, 52, 12, 4, 36, 64, 11, 22, 2, 2, 4, 16, 21, 10, 36, 22, 2, 24, 37, 38]
Satisfaccion de demanda:
85.36046913508459 <= 85.78999999999999 <= 86.2195308649154
Costos:
nan <= 0.0 <= nan
[1, 29, 4, 17, 36, 37, 14, 22, 17, 14, 2, 13, 28, 2, 2, 39, 6, 3, 30, 20, 29, 1, 31, 2, 49, 3, 3, 25, 18, 14, 3, 42, 8, 3, 8, 6, 41, 17, 3, 28, 40, 25, 3, 1, 13, 2, 4, 14, 12, 17, 11, 2, 1, 25, 45, 24, 21, 13, 59, 18, 12, 39, 21, 41, 15, 1, 10, 12, 6, 13, 18, 15, 16, 52, 12, 4, 36, 64, 11, 21, 2, 2, 4, 16, 21, 10, 36, 22, 2, 24, 37, 38]
Satisfaccion de demanda:
85.22077170115121 <= 85.86285714285714 <= 86.50494258456307
Costos:
nan <= 0.0 <= nan
[1, 29, 4, 17, 36, 37, 14, 22, 17, 14, 2, 13, 28, 2, 2, 39, 6, 3, 30, 20, 29, 1, 31, 2, 49, 3, 3, 25, 18, 14, 3, 42, 8, 3, 8, 6, 41, 17, 3, 28, 40, 25, 3, 1, 13, 3, 4, 14, 12, 17, 11, 2, 1, 25, 45, 24, 21, 13, 59, 18, 12, 39, 21, 41, 15, 1, 10, 12, 6, 13, 18, 15, 16, 52, 12, 4, 36, 64, 11, 20, 2, 2, 4, 16, 21, 10, 36, 22, 2, 24, 37, 38]
Satisfaccion de demanda:
84.46175791422274 <= 85.33714285714287 <= 86.21252780006299
Costos:
nan <= 0.0 <= nan
[1, 29, 4, 17, 36, 37, 14, 22, 17, 14, 2, 13, 28, 2, 2, 39, 6, 3, 30, 20, 29, 1, 31, 2, 49, 3, 3, 25, 18, 14, 3, 42, 8, 3, 8, 6, 41, 17, 4, 28, 40, 25, 3, 1, 13, 3, 4, 14, 12, 17, 11, 2, 1, 25, 45, 24, 21, 13, 59, 18, 12, 39, 21, 41, 15, 1, 10, 12, 6, 13, 18, 15, 16, 52, 12, 4, 36, 64, 11, 20, 2, 2, 4, 16, 21, 10, 36, 22, 2, 24, 37, 37]
Satisfaccion de demanda:
84.70594821338659 <= 85.60571428571428 <= 86.50548035804198
Costos:
nan <= 0.0 <= nan
[1, 29, 4, 17, 36, 37, 14, 22, 17, 14, 2, 13, 28, 2, 2, 39, 6, 3, 30, 20, 29, 1, 31, 2, 49, 3, 3, 25, 18, 14, 3, 42, 8, 3, 8, 6, 41, 17, 4, 28, 40, 25, 3, 1, 13, 3, 4, 14, 12, 17, 11, 2, 1, 25, 45, 24, 21, 13, 59, 18, 12, 39, 21, 41, 15, 2, 10, 12, 6, 13, 18, 15, 16, 52, 12, 4, 36, 64, 11, 20, 2, 2, 4, 15, 21, 10, 36, 22, 2, 24, 37, 37]
Satisfaccion de demanda:
84.66527508610277 <= 85.41285714285713 <= 86.1604391996115
Costos:
nan <= 0.0 <= nan
[1, 29, 4, 17, 36, 37, 14, 22, 17, 14, 2, 13, 28, 2, 2, 39, 6, 3, 30, 20, 29, 1, 31, 2, 49, 3, 3, 25, 18, 14, 4, 42, 8, 3, 8, 6, 41, 17, 4, 28, 40, 25, 3, 1, 13, 3, 4, 14, 12, 17, 11, 2, 1, 25, 45, 24, 21, 13, 59, 18, 12, 39, 21, 41, 15, 2, 10, 12, 6, 13, 18, 15, 16, 52, 12, 4, 36, 64, 11, 20, 2, 2, 4, 15, 21, 10, 35, 22, 2, 24, 37, 37]
Satisfaccion de demanda:
84.76620062856513 <= 85.19142857142856 <= 85.61665651429199
Costos:
nan <= 0.0 <= nan
[1, 29, 4, 17, 36, 37, 14, 22, 17, 14, 2, 13, 28, 2, 2, 39, 6, 3, 30, 20, 29, 1, 31, 2, 49, 3, 3, 25, 18, 14, 4, 42, 8, 4, 8, 6, 41, 17, 4, 28, 40, 25, 3, 1, 13, 3, 4, 14, 12, 17, 11, 2, 1, 25, 45, 24, 21, 13, 59, 18, 12, 39, 21, 41, 15, 2, 10, 12, 6, 13, 18, 15, 16, 52, 12, 4, 35, 64, 11, 20, 2, 2, 4, 15, 21, 10, 35, 22, 2, 24, 37, 37]
Satisfaccion de demanda:
84.44258603352837 <= 85.25571428571428 <= 86.06884253790018
Costos:
nan <= 0.0 <= nan
[1, 29, 4, 17, 36, 37, 14, 22, 17, 14, 2, 13, 28, 2, 2, 39, 6, 3, 30, 20, 29, 1, 31, 2, 49, 3, 3, 25, 18, 14, 4, 42, 8, 4, 8, 6, 41, 17, 4, 28, 40, 25, 3, 1, 13, 3, 4, 14, 12, 17, 11, 2, 1, 25, 45, 24, 21, 13, 59, 18, 12, 39, 21, 41, 15, 3, 10, 12, 6, 13, 18, 15, 16, 52, 12, 4, 35, 64, 11, 20, 2, 2, 4, 15, 21, 10, 34, 22, 2, 24, 37, 37]
Satisfaccion de demanda:
84.96072326942958 <= 85.77857142857144 <= 86.5964195877133
Costos:
nan <= 0.0 <= nan
[1, 29, 4, 17, 36, 37, 14, 22, 17, 14, 2, 13, 28, 2, 2, 39, 6, 3, 30, 20, 29, 1, 31, 2, 49, 3, 3, 25, 18, 14, 4, 42, 8, 4, 8, 6, 41, 17, 4, 28, 40, 25, 3, 1, 13, 3, 4, 14, 12, 17, 11, 2, 1, 25, 45, 24, 21, 13, 59, 18, 12, 39, 21, 41, 15, 3, 10, 12, 6, 13, 18, 15, 16, 52, 12, 4, 35, 64, 11, 20, 2, 2, 5, 15, 21, 10, 34, 22, 2, 24, 37, 36]
Satisfaccion de demanda:
84.57579568719486 <= 85.18857142857144 <= 85.80134716994802
Costos:
nan <= 0.0 <= nan
[1, 29, 4, 17, 36, 37, 14, 22, 17, 14, 2, 13, 28, 3, 2, 39, 6, 3, 30, 20, 29, 1, 31, 2, 49, 3, 3, 25, 18, 14, 4, 42, 8, 4, 8, 6, 41, 17, 4, 28, 40, 25, 3, 1, 13, 3, 4, 14, 12, 17, 11, 2, 1, 25, 45, 24, 21, 13, 59, 18, 12, 39, 21, 41, 15, 3, 10, 12, 6, 13, 18, 15, 16, 52, 12, 4, 35, 64, 11, 20, 2, 2, 5, 15, 21, 10, 34, 22, 2, 24, 36, 36]
Satisfaccion de demanda:
85.06344172295016 <= 85.88285714285713 <= 86.70227256276411
Costos:
nan <= 0.0 <= nan
[1, 29, 4, 17, 36, 37, 14, 22, 17, 14, 2, 13, 28, 3, 2, 39, 7, 3, 30, 20, 29, 1, 31, 2, 49, 3, 3, 25, 18, 14, 4, 42, 8, 4, 8, 6, 41, 17, 4, 28, 40, 25, 3, 1, 13, 3, 4, 14, 12, 17, 11, 2, 1, 25, 45, 24, 21, 13, 59, 18, 12, 39, 21, 41, 15, 3, 10, 12, 6, 13, 18, 15, 16, 52, 12, 4, 35, 64, 11, 20, 2, 2, 5, 15, 21, 10, 34, 22, 2, 24, 36, 35]
Satisfaccion de demanda:
84.76312259211842 <= 85.34142857142857 <= 85.91973455073871
Costos:
nan <= 0.0 <= nan
[1, 29, 4, 17, 36, 37, 14, 22, 17, 14, 2, 13, 28, 3, 2, 39, 7, 3, 30, 20, 29, 1, 31, 2, 49, 3, 3, 25, 18, 14, 4, 42, 8, 4, 8, 6, 41, 17, 4, 28, 40, 25, 3, 1, 13, 3, 4, 14, 12, 17, 11, 2, 1, 25, 45, 24, 21, 13, 59, 18, 12, 39, 21, 41, 15, 3, 10, 12, 6, 13, 18, 15, 16, 52, 12, 4, 35, 64, 11, 20, 3, 2, 5, 15, 21, 10, 34, 22, 2, 24, 35, 35]
Satisfaccion de demanda:
85.2192811596796 <= 85.64571428571428 <= 86.07214741174896
Costos:
nan <= 0.0 <= nan
[1, 29, 4, 17, 36, 37, 14, 22, 17, 14, 2, 13, 28, 3, 2, 39, 7, 3, 30, 20, 29, 1, 31, 2, 49, 3, 3, 25, 18, 14, 4, 42, 8, 4, 8, 6, 41, 17, 4, 28, 40, 25, 3, 1, 13, 3, 4, 14, 12, 17, 11, 2, 1, 25, 45, 24, 21, 13, 59, 18, 12, 39, 21, 41, 15, 3, 10, 12, 6, 13, 18, 15, 16, 52, 12, 5, 35, 64, 11, 19, 3, 2, 5, 15, 21, 10, 34, 22, 2, 24, 35, 35]
Satisfaccion de demanda:
85.32399411164424 <= 85.87285714285716 <= 86.42172017407007
Costos:
nan <= 0.0 <= nan
[1, 29, 4, 17, 36, 37, 14, 22, 17, 14, 2, 13, 28, 3, 2, 39, 7, 3, 30, 20, 29, 1, 31, 2, 49, 3, 3, 25, 18, 14, 4, 42, 8, 4, 8, 6, 41, 17, 4, 28, 40, 25, 3, 2, 13, 3, 4, 14, 12, 17, 11, 2, 1, 25, 45, 24, 21, 13, 59, 18, 12, 39, 21, 41, 15, 3, 10, 12, 6, 13, 18, 15, 16, 52, 12, 5, 35, 64, 11, 19, 3, 2, 5, 15, 21, 10, 34, 22, 2, 24, 35, 34]
Satisfaccion de demanda:
84.85660385765838 <= 85.31428571428572 <= 85.77196757091305
Costos:
nan <= 0.0 <= nan
[1, 29, 4, 17, 36, 37, 14, 22, 17, 14, 2, 13, 28, 3, 2, 39, 7, 3, 30, 20, 29, 1, 31, 2, 49, 3, 3, 25, 18, 14, 4, 42, 8, 4, 8, 6, 41, 17, 4, 28, 40, 25, 3, 2, 13, 3, 4, 14, 12, 17, 11, 2, 1, 25, 45, 24, 21, 13, 59, 18, 12, 39, 21, 41, 15, 3, 10, 12, 6, 13, 18, 15, 16, 52, 12, 6, 35, 64, 11, 19, 3, 2, 5, 15, 21, 10, 33, 22, 2, 24, 35, 34]
Satisfaccion de demanda:
85.35081785751434 <= 86.10000000000001 <= 86.84918214248567
Costos:
nan <= 0.0 <= nan
[1, 29, 4, 17, 36, 37, 14, 22, 17, 14, 2, 13, 28, 3, 2, 39, 7, 3, 30, 20, 29, 1, 31, 2, 49, 3, 3, 25, 18, 14, 4, 42, 8, 4, 8, 6, 41, 17, 4, 28, 40, 25, 3, 2, 13, 3, 5, 14, 12, 17, 11, 2, 1, 25, 45, 24, 21, 13, 59, 18, 12, 39, 21, 41, 15, 3, 10, 12, 6, 13, 18, 15, 16, 52, 12, 6, 35, 64, 11, 18, 3, 2, 5, 15, 21, 10, 33, 22, 2, 24, 35, 34]
Satisfaccion de demanda:
85.44189869409601 <= 86.05285714285716 <= 86.66381559161832
Costos:
nan <= 0.0 <= nan
[1, 29, 4, 17, 36, 37, 14, 22, 17, 14, 2, 13, 28, 3, 2, 39, 7, 3, 30, 20, 29, 1, 31, 2, 49, 3, 3, 25, 18, 14, 4, 42, 8, 4, 8, 6, 41, 17, 4, 28, 40, 25, 3, 2, 13, 3, 5, 14, 12, 17, 11, 3, 1, 25, 45, 24, 21, 13, 59, 18, 12, 39, 21, 41, 15, 3, 10, 12, 6, 13, 18, 15, 16, 52, 12, 6, 35, 63, 11, 18, 3, 2, 5, 15, 21, 10, 33, 22, 2, 24, 35, 34]
Satisfaccion de demanda:
85.14706343594938 <= 85.9885714285714 <= 86.83007942119343
Costos:
nan <= 0.0 <= nan
[1, 29, 4, 17, 36, 37, 14, 22, 17, 14, 2, 13, 28, 3, 2, 39, 7, 3, 30, 20, 29, 1, 31, 2, 49, 3, 3, 25, 18, 14, 4, 42, 8, 4, 8, 6, 41, 17, 4, 28, 40, 25, 3, 2, 13, 3, 5, 14, 12, 17, 11, 3, 1, 25, 45, 24, 21, 13, 59, 18, 12, 39, 21, 41, 15, 3, 10, 12, 7, 13, 18, 15, 16, 52, 12, 6, 35, 63, 11, 18, 3, 2, 5, 15, 21, 10, 33, 22, 2, 24, 35, 33]
Satisfaccion de demanda:
85.59154019159293 <= 85.93285714285715 <= 86.27417409412136
Costos:
nan <= 0.0 <= nan
[1, 29, 4, 17, 36, 37, 14, 22, 17, 14, 2, 13, 28, 3, 2, 39, 7, 3, 30, 20, 29, 1, 31, 2, 49, 3, 3, 25, 18, 14, 4, 42, 8, 4, 8, 6, 41, 17, 4, 28, 40, 25, 3, 2, 13, 3, 5, 14, 12, 17, 11, 3, 1, 25, 45, 24, 21, 13, 59, 18, 12, 39, 21, 41, 15, 3, 10, 12, 7, 13, 18, 15, 16, 52, 12, 7, 35, 63, 11, 18, 3, 2, 5, 14, 21, 10, 33, 22, 2, 24, 35, 33]
Satisfaccion de demanda:
84.90847150067458 <= 85.24000000000001 <= 85.57152849932544
Costos:
nan <= 0.0 <= nan
[1, 29, 4, 17, 36, 37, 14, 22, 17, 14, 2, 13, 28, 3, 2, 39, 7, 3, 30, 20, 29, 1, 31, 2, 49, 3, 3, 25, 18, 14, 4, 42, 8, 4, 8, 6, 41, 17, 4, 28, 40, 25, 3, 2, 13, 3, 5, 14, 12, 17, 11, 4, 1, 25, 45, 24, 21, 13, 59, 18, 12, 39, 21, 41, 15, 3, 10, 12, 7, 13, 18, 15, 16, 52, 12, 7, 35, 63, 11, 18, 3, 2, 5, 14, 21, 10, 33, 22, 2, 24, 34, 33]
Satisfaccion de demanda:
85.19514300338618 <= 85.84714285714287 <= 86.49914271089956
Costos:
nan <= 0.0 <= nan
[1, 29, 4, 17, 36, 37, 14, 22, 17, 14, 2, 13, 28, 3, 2, 39, 7, 3, 30, 20, 29, 1, 31, 2, 49, 3, 3, 25, 18, 14, 4, 42, 8, 4, 8, 6, 41, 17, 5, 28, 40, 25, 3, 2, 13, 3, 5, 14, 12, 17, 11, 4, 1, 25, 45, 24, 21, 13, 59, 18, 12, 39, 21, 41, 15, 3, 10, 12, 7, 13, 18, 15, 16, 52, 12, 7, 35, 63, 11, 17, 3, 2, 5, 14, 21, 10, 33, 22, 2, 24, 34, 33]
Satisfaccion de demanda:
85.01507619076096 <= 85.6 <= 86.18492380923902
Costos:
nan <= 0.0 <= nan
[1, 29, 4, 17, 36, 37, 14, 22, 17, 14, 2, 13, 28, 3, 2, 39, 7, 3, 30, 20, 29, 1, 31, 2, 49, 3, 3, 25, 18, 14, 4, 42, 8, 4, 8, 6, 41, 17, 5, 28, 40, 25, 3, 2, 13, 3, 5, 14, 12, 17, 12, 4, 1, 25, 45, 24, 21, 13, 59, 18, 12, 39, 21, 41, 15, 3, 10, 12, 7, 13, 18, 15, 16, 52, 12, 7, 35, 63, 11, 16, 3, 2, 5, 14, 21, 10, 33, 22, 2, 24, 34, 33]
Satisfaccion de demanda:
85.03367078291376 <= 85.56285714285714 <= 86.09204350280052
Costos:
nan <= 0.0 <= nan
[1, 29, 4, 17, 36, 37, 14, 22, 17, 14, 2, 13, 28, 3, 2, 39, 7, 3, 30, 20, 29, 2, 31, 2, 49, 3, 3, 25, 18, 14, 4, 42, 8, 4, 8, 6, 41, 17, 5, 28, 40, 25, 3, 2, 13, 3, 5, 14, 12, 17, 12, 4, 1, 25, 45, 24, 21, 13, 59, 18, 12, 39, 21, 41, 15, 3, 10, 12, 7, 13, 18, 15, 16, 52, 12, 7, 35, 63, 11, 16, 3, 2, 5, 14, 21, 10, 32, 22, 2, 24, 34, 33]
Satisfaccion de demanda:
84.99724632277847 <= 85.87857142857145 <= 86.75989653436443
Costos:
nan <= 0.0 <= nan
[1, 29, 4, 17, 36, 37, 14, 22, 17, 14, 2, 13, 28, 3, 2, 39, 7, 3, 30, 20, 29, 2, 31, 2, 49, 3, 4, 25, 18, 14, 4, 42, 8, 4, 8, 6, 41, 17, 5, 28, 40, 25, 3, 2, 13, 3, 5, 14, 12, 17, 12, 4, 1, 25, 45, 24, 21, 13, 59, 18, 12, 39, 21, 41, 15, 3, 10, 12, 7, 13, 18, 15, 16, 52, 12, 7, 35, 63, 10, 16, 3, 2, 5, 14, 21, 10, 32, 22, 2, 24, 34, 33]
Satisfaccion de demanda:
84.72984744404232 <= 85.41285714285716 <= 86.095866841672
Costos:
nan <= 0.0 <= nan
[1, 29, 4, 17, 36, 37, 14, 22, 17, 14, 2, 13, 28, 3, 2, 39, 7, 3, 30, 20, 29, 2, 31, 2, 49, 3, 4, 25, 18, 14, 4, 42, 8, 4, 8, 6, 41, 17, 5, 28, 40, 25, 3, 2, 13, 3, 6, 14, 12, 17, 12, 4, 1, 25, 45, 24, 21, 13, 59, 18, 12, 39, 21, 41, 15, 3, 10, 12, 7, 13, 18, 15, 16, 52, 12, 7, 35, 62, 10, 16, 3, 2, 5, 14, 21, 10, 32, 22, 2, 24, 34, 33]
Satisfaccion de demanda:
84.48791264127406 <= 85.39999999999999 <= 86.31208735872592
Costos:
nan <= 0.0 <= nan
[1, 29, 4, 17, 36, 37, 14, 22, 17, 14, 2, 13, 28, 3, 2, 39, 8, 3, 30, 20, 29, 2, 31, 2, 49, 3, 4, 25, 18, 14, 4, 42, 8, 4, 8, 6, 41, 17, 5, 28, 40, 25, 3, 2, 13, 3, 6, 14, 12, 17, 12, 4, 1, 25, 45, 24, 21, 13, 59, 18, 12, 39, 21, 41, 15, 3, 10, 12, 7, 13, 18, 15, 16, 52, 12, 7, 35, 61, 10, 16, 3, 2, 5, 14, 21, 10, 32, 22, 2, 24, 34, 33]
Satisfaccion de demanda:
85.0217549051954 <= 85.68571428571428 <= 86.34967366623317
Costos:
nan <= 0.0 <= nan
[1, 29, 4, 17, 36, 37, 14, 22, 17, 14, 2, 13, 28, 3, 2, 39, 8, 3, 30, 20, 29, 2, 31, 2, 49, 3, 4, 25, 18, 14, 4, 42, 8, 4, 8, 6, 41, 17, 5, 28, 40, 25, 3, 2, 13, 3, 6, 14, 12, 17, 12, 4, 2, 25, 45, 24, 21, 13, 59, 18, 12, 39, 21, 41, 15, 3, 10, 12, 7, 13, 18, 15, 16, 52, 12, 7, 34, 61, 10, 16, 3, 2, 5, 14, 21, 10, 32, 22, 2, 24, 34, 33]
Satisfaccion de demanda:
85.06241948294262 <= 85.55857142857144 <= 86.05472337420026
Costos:
nan <= 0.0 <= nan
[1, 29, 4, 17, 36, 37, 14, 22, 17, 14, 2, 13, 28, 3, 2, 39, 8, 3, 30, 20, 29, 2, 31, 2, 49, 3, 4, 25, 18, 14, 4, 42, 8, 4, 8, 6, 41, 17, 5, 28, 40, 25, 3, 2, 13, 3, 6, 14, 12, 17, 12, 4, 2, 25, 45, 24, 21, 13, 59, 18, 12, 39, 21, 41, 15, 3, 10, 12, 7, 13, 18, 15, 16, 52, 12, 7, 34, 61, 10, 16, 3, 3, 5, 14, 21, 10, 32, 22, 2, 24, 33, 33]
Satisfaccion de demanda:
84.52428025618134 <= 85.38000000000001 <= 86.23571974381868
Costos:
nan <= 0.0 <= nan
[1, 29, 4, 17, 36, 37, 14, 22, 17, 14, 2, 13, 28, 3, 2, 39, 8, 3, 30, 20, 29, 2, 31, 2, 49, 3, 4, 25, 18, 14, 4, 42, 8, 4, 8, 7, 41, 17, 5, 28, 40, 25, 3, 2, 13, 3, 6, 14, 12, 17, 12, 4, 2, 25, 45, 24, 21, 13, 59, 18, 12, 39, 21, 41, 15, 3, 10, 12, 7, 13, 18, 15, 16, 52, 12, 7, 34, 61, 10, 16, 3, 3, 5, 14, 21, 10, 31, 22, 2, 24, 33, 33]
Satisfaccion de demanda:
85.15069397685761 <= 85.63285714285713 <= 86.11502030885666
Costos:
nan <= 0.0 <= nan
[1, 29, 4, 17, 36, 37, 14, 22, 17, 14, 2, 13, 28, 3, 2, 39, 8, 3, 30, 20, 29, 2, 31, 2, 49, 3, 4, 25, 18, 14, 4, 42, 8, 4, 8, 7, 41, 17, 5, 28, 40, 25, 3, 2, 13, 3, 6, 14, 12, 17, 12, 4, 2, 25, 45, 24, 21, 13, 59, 18, 12, 39, 21, 41, 15, 3, 10, 12, 7, 13, 18, 15, 16, 52, 12, 7, 34, 61, 10, 16, 3, 3, 5, 14, 21, 10, 31, 23, 2, 24, 32, 33]
Satisfaccion de demanda:
85.5579648890101 <= 86.24857142857142 <= 86.93917796813275
Costos:
nan <= 0.0 <= nan
[1, 29, 4, 17, 36, 37, 14, 22, 17, 14, 2, 13, 28, 3, 2, 39, 8, 3, 30, 20, 29, 2, 31, 2, 49, 3, 4, 25, 18, 14, 4, 42, 8, 4, 8, 7, 41, 17, 5, 28, 40, 25, 3, 2, 13, 3, 6, 14, 12, 17, 12, 4, 2, 25, 45, 24, 21, 13, 59, 18, 12, 39, 21, 41, 15, 3, 10, 12, 7, 13, 18, 15, 16, 52, 12, 7, 34, 60, 10, 16, 3, 4, 5, 14, 21, 10, 31, 23, 2, 24, 32, 33]
Satisfaccion de demanda:
85.06874526603865 <= 85.39428571428572 <= 85.71982616253278
Costos:
nan <= 0.0 <= nan
[1, 29, 4, 17, 36, 37, 14, 22, 17, 14, 2, 13, 28, 3, 2, 39, 8, 3, 30, 20, 29, 2, 31, 2, 49, 3, 4, 25, 18, 14, 4, 42, 8, 4, 8, 7, 41, 17, 5, 28, 40, 25, 3, 2, 13, 3, 6, 14, 12, 17, 12, 4, 2, 25, 45, 24, 21, 13, 59, 18, 12, 39, 21, 41, 15, 3, 10, 12, 7, 13, 18, 15, 16, 52, 12, 7, 33, 60, 10, 16, 3, 4, 5, 14, 21, 10, 31, 23, 3, 24, 32, 33]
Satisfaccion de demanda:
85.3401571182199 <= 86.21142857142857 <= 87.08270002463723
Costos:
nan <= 0.0 <= nan
[1, 29, 4, 17, 36, 37, 14, 22, 17, 14, 2, 13, 28, 3, 2, 39, 8, 3, 30, 20, 29, 2, 31, 2, 49, 3, 4, 25, 18, 14, 4, 42, 9, 4, 8, 7, 41, 17, 5, 28, 40, 25, 3, 2, 13, 3, 6, 14, 12, 17, 12, 4, 2, 25, 45, 24, 21, 13, 59, 18, 12, 39, 21, 41, 15, 3, 10, 12, 7, 13, 18, 15, 16, 52, 12, 7, 33, 60, 10, 16, 3, 4, 5, 14, 21, 10, 31, 23, 3, 24, 32, 32]
Satisfaccion de demanda:
85.4283425263459 <= 85.76 <= 86.09165747365411
Costos:
nan <= 0.0 <= nan
[1, 29, 4, 17, 36, 37, 14, 22, 17, 14, 2, 13, 28, 3, 2, 39, 8, 3, 30, 20, 29, 2, 31, 2, 49, 3, 4, 25, 18, 14, 4, 42, 9, 4, 8, 7, 41, 17, 5, 28, 40, 25, 3, 2, 13, 3, 6, 14, 12, 17, 12, 4, 2, 25, 45, 24, 21, 13, 59, 18, 12, 39, 21, 41, 15, 3, 10, 12, 7, 13, 18, 15, 16, 52, 12, 7, 32, 60, 10, 16, 4, 4, 5, 14, 21, 10, 31, 23, 3, 24, 32, 32]
Satisfaccion de demanda:
85.21150443762784 <= 85.8 <= 86.38849556237216
Costos:
nan <= 0.0 <= nan
[1, 29, 4, 17, 36, 37, 14, 22, 17, 14, 2, 13, 28, 3, 2, 39, 8, 3, 30, 20, 29, 2, 31, 3, 49, 3, 4, 25, 18, 14, 4, 42, 9, 4, 8, 7, 41, 17, 5, 28, 40, 25, 3, 2, 13, 3, 6, 14, 12, 17, 12, 4, 2, 25, 45, 24, 21, 13, 59, 18, 12, 39, 21, 41, 15, 3, 10, 12, 7, 13, 18, 15, 16, 52, 12, 7, 31, 60, 10, 16, 4, 4, 5, 14, 21, 10, 31, 23, 3, 24, 32, 32]Satisfaccion de demanda:
85.47760877495688 <= 86.02428571428571 <= 86.57096265361454
Costos:
12.539454772533464 <= 12.770851104611566 <= 13.002247436689668
[1, 29, 4, 17, 36, 37, 14, 22, 17, 14, 2, 13, 28, 3, 2, 39, 8, 3, 30, 20, 29, 2, 31, 2, 49, 3, 4, 25, 18, 14, 4, 42, 8, 4, 8, 7, 41, 17, 6, 28, 40, 25, 3, 2, 13, 3, 6, 14, 12, 17, 12, 4, 2, 25, 45, 24, 21, 13, 59, 18, 12, 39, 21, 41, 15, 3, 10, 12, 7, 13, 18, 15, 16, 52, 12, 7, 34, 60, 10, 16, 3, 3, 5, 14, 21, 10, 31, 23, 2, 24, 32, 33]
Satisfaccion de demanda:
85.56804999296908 <= 85.88049999999998 <= 86.19295000703089
Costos:
12.823720276852056 <= 12.945763502612142 <= 13.067806728372227
[1, 29, 4, 17, 36, 37, 14, 22, 17, 14, 2, 13, 28, 3, 2, 39, 8, 4, 30, 20, 29, 2, 31, 2, 49, 3, 4, 25, 18, 14, 4, 42, 8, 4, 8, 7, 41, 17, 5, 28, 40, 25, 3, 2, 13, 3, 6, 14, 12, 17, 12, 4, 2, 25, 45, 24, 21, 13, 59, 18, 12, 39, 21, 41, 15, 3, 10, 12, 7, 13, 18, 15, 16, 52, 12, 7, 34, 59, 10, 16, 3, 4, 5, 14, 21, 10, 31, 23, 2, 24, 32, 33]
Satisfaccion de demanda:
85.54855098512246 <= 85.755 <= 85.96144901487753
Costos:
12.633953322280963 <= 12.70304297476577 <= 12.772132627250578
[1, 29, 4, 17, 36, 37, 14, 22, 17, 14, 3, 13, 28, 3, 2, 39, 8, 3, 30, 20, 29, 2, 31, 2, 49, 3, 4, 25, 18, 14, 4, 42, 8, 4, 8, 7, 41, 17, 5, 28, 40, 25, 3, 2, 13, 3, 6, 14, 12, 17, 12, 4, 2, 25, 45, 24, 21, 13, 59, 18, 12, 39, 21, 40, 15, 3, 10, 12, 7, 13, 18, 15, 16, 52, 12, 7, 34, 60, 10, 16, 3, 4, 5, 14, 21, 10, 31, 23, 2, 24, 32, 33]
Satisfaccion de demanda:
85.41596438949631 <= 85.77900000000001 <= 86.14203561050371
Costos:
12.575344390243679 <= 12.687959976906004 <= 12.80057556356833
[1, 25, 4, 15, 34, 34, 12, 21, 17, 14, 2, 13, 28, 3, 2, 39, 8, 4, 30, 20, 29, 2, 31, 2, 49, 3, 4, 25, 18, 14, 4, 42, 8, 4, 8, 7, 41, 17, 5, 28, 40, 25, 3, 2, 13, 3, 6, 14, 12, 17, 12, 4, 2, 25, 45, 24, 21, 13, 59, 18, 12, 39, 21, 41, 15, 3, 10, 12, 7, 13, 18, 15, 16, 52, 12, 7, 34, 60, 10, 16, 3, 3, 5, 14, 21, 10, 31, 23, 2, 24, 32, 47]
Satisfaccion de demanda:
85.55930081214872 <= 85.7682 <= 85.97709918785127
Costos:
12.539536268485522 <= 12.604155909247885 <= 12.668775550010247
[1, 25, 4, 15, 34, 34, 12, 21, 17, 14, 2, 13, 28, 3, 2, 39, 8, 3, 30, 20, 29, 2, 31, 2, 49, 3, 4, 25, 18, 14, 4, 42, 8, 4, 8, 7, 41, 17, 5, 28, 40, 25, 4, 2, 13, 3, 6, 14, 12, 17, 12, 4, 2, 25, 45, 24, 21, 13, 59, 18, 12, 39, 21, 41, 15, 3, 10, 12, 7, 13, 18, 15, 16, 52, 12, 7, 34, 60, 10, 16, 3, 3, 5, 14, 21, 10, 31, 23, 2, 24, 32, 47]
Satisfaccion de demanda:
85.64567983752917 <= 85.85860000000001 <= 86.07152016247085
Costos:
12.615772760480821 <= 12.687105604985097 <= 12.758438449489374
[1, 25, 4, 15, 34, 34, 12, 21, 17, 14, 2, 13, 28, 3, 2, 39, 8, 3, 30, 20, 29, 2, 31, 2, 49, 3, 4, 25, 18, 14, 4, 42, 8, 4, 8, 7, 41, 17, 5, 28, 40, 25, 3, 2, 13, 3, 6, 14, 12, 17, 12, 4, 2, 25, 45, 24, 21, 13, 59, 18, 12, 39, 21, 41, 15, 3, 10, 12, 7, 13, 18, 15, 16, 52, 12, 7, 34, 60, 10, 16, 3, 3, 5, 14, 21, 10, 31, 23, 2, 24, 32, 48]
Satisfaccion de demanda:
57.71998084419578 <= 57.902000000000015 <= 58.08401915580425
Costos:
12.640531490483355 <= 12.705400628856246 <= 12.770269767229138
[0, 11, 0, 1, 24, 22, 0, 5, 10, 0, 0, 0, 10, 0, 0, 24, 0, 0, 16, 11, 20, 0, 21, 0, 30, 0, 0, 16, 2, 7, 0, 27, 0, 0, 0, 0, 26, 11, 0, 18, 25, 7, 0, 0, 0, 0, 0, 0, 0, 9, 4, 0, 0, 9, 27, 7, 12, 0, 43, 1, 0, 27, 11, 26, 8, 0, 0, 0, 0, 0, 10, 6, 0, 38, 0, 0, 18, 48, 0, 6, 0, 0, 0, 0, 12, 1, 23, 12, 0, 15, 25, 58]
Satisfaccion de demanda:
57.70972449153319 <= 57.90019999999998 <= 58.09067550846677
Costos:
12.739803839229491 <= 12.80566151666485 <= 12.871519194100209
[0, 11, 0, 1, 24, 22, 0, 5, 10, 0, 0, 0, 10, 0, 0, 24, 0, 0, 16, 11, 20, 0, 21, 0, 30, 0, 0, 16, 2, 7, 0, 27, 0, 0, 0, 0, 26, 11, 0, 18, 25, 7, 0, 0, 0, 0, 0, 0, 0, 9, 4, 0, 0, 9, 27, 7, 12, 0, 43, 1, 0, 27, 11, 26, 8, 0, 0, 0, 0, 0, 10, 6, 0, 38, 0, 0, 18, 48, 0, 6, 0, 0, 0, 0, 12, 1, 23, 12, 0, 15, 25, 58]
Satisfaccion de demanda:
57.54189995842405 <= 57.80659999999999 <= 58.07130004157593
Costos:
12.749749446906113 <= 12.814556300926311 <= 12.879363154946509
[0, 11, 0, 1, 24, 22, 0, 5, 10, 0, 0, 0, 10, 0, 0, 24, 0, 0, 16, 11, 20, 0, 21, 0, 30, 0, 0, 16, 2, 7, 0, 27, 0, 0, 0, 0, 26, 11, 0, 18, 25, 7, 0, 0, 0, 0, 0, 0, 0, 9, 4, 0, 0, 9, 27, 7, 12, 0, 43, 1, 0, 27, 11, 26, 8, 0, 0, 0, 0, 0, 10, 6, 0, 38, 0, 0, 18, 48, 0, 6, 0, 0, 0, 0, 12, 1, 23, 12, 0, 15, 25, 58]
