PartioSatisfaccion de demanda:
80.6007392315179 <= 81.47 <= 82.33926076848209
Costos:
12.290925355738548 <= 12.534378322846653 <= 12.777831289954758
[18, 18, 18, 18, 18, 18, 18, 18, 18, 18, 18, 18, 18, 18, 18, 18, 18, 18, 18, 18, 18, 18, 18, 18, 18, 18, 18, 18, 18, 18, 18, 18, 18, 18, 18, 18, 18, 18, 18, 18, 18, 18, 18, 18, 18, 18, 18, 18, 18, 18, 18, 18, 18, 18, 18, 18, 18, 18, 19, 18, 18, 18, 18, 18, 18, 18, 18, 18, 18, 18, 18, 18, 18, 18, 18, 18, 18, 18, 18, 18, 18, 18, 18, 18, 18, 18, 18, 18, 18, 16, 17, 17]Satisfaccion de demanda:
80.43383801647656 <= 81.14428571428572 <= 81.85473341209487
Costos:
12.333202505310215 <= 12.553424571701466 <= 12.773646638092718
[18, 18, 18, 18, 18, 18, 18, 18, 18, 18, 18, 18, 18, 18, 18, 18, 18, 18, 18, 18, 18, 18, 18, 18, 18, 18, 18, 18, 18, 18, 18, 18, 18, 18, 18, 18, 18, 18, 18, 18, 18, 18, 18, 18, 18, 18, 18, 18, 18, 18, 18, 18, 18, 18, 18, 18, 18, 18, 19, 18, 18, 18, 18, 18, 18, 18, 18, 18, 18, 18, 18, 18, 18, 19, 18, 18, 18, 18, 18, 18, 18, 18, 18, 18, 18, 18, 18, 18, 18, 15, 17, 17]
Satisfaccion de demanda:
80.97560780986919 <= 81.39900000000002 <= 81.82239219013084
Costos:
12.37620403886594 <= 12.551867497856449 <= 12.727530956846959
Satisfaccion de demanda:
80.21281138811807 <= 80.64571428571428 <= 81.07861718331048
Costos:
12.275347009593295 <= 12.46008480295409 <= 12.644822596314883
Satisfaccion de demanda:
80.2569849976561 <= 81.05428571428573 <= 81.85158643091535
Costos:
12.341561288010181 <= 12.538403576254131 <= 12.735245864498081
Satisfaccion de demanda:
80.11683327727782 <= 80.9875 <= 81.85816672272217
Costos:
12.544071594432015 <= 12.7685552769889 <= 12.993038959545785
Satisfaccion de demanda:
80.59551010312059 <= 81.30142857142857 <= 82.00734703973656
Costos:
12.476597406633008 <= 12.708363086643027 <= 12.940128766653046
